13 3319
3 3751
35 3876
86 3673
5 3440
92 3199
30 3979
86 3413
99 3039
4 2983
36 3255
66 2893
41 4212
27 2898
40 3460
21 4031
20 4417
5 2921
98 3734
7 2991
10 4010
10 4086
44 2929
40 3771
47 3883
27 4103
37 4154
54 3482
61 3036
72 2763
13 3237
10 3942
30 3932
19 4193
27 3917
96 4418
54 4448
94 4148
88 3537
29 2749
45 3996
7 3573
96 4428
21 3146
98 3049
77 4550
46 3449
35 4124
8 4456
3 4460
59 3966
94 4534
61 3437
7 4274
23 4261
87 4085
17 3024
28 3403
35 3609
7 2988
40 3441
62 4452
27 4120
9 3234
53 2850
51 3213
13 3255
53 3544
2 4167
74 3644
26 2828
43 2798
10 4431
80 3031
92 3567
27 4151
10 3100
81 2927
89 4443
9 4335
79 4377
24 4426
100 3532
1 3018
87 4463
74 4103
83 3036
84 3907
21 4332
70 3410
60 3146
45 4027
55 3712
96 3097
48 2922
37 4452
43 3716
12 4305
1 3310
45 3600
82 3061
30 4207
79 4089
76 3384
3 4100
1 4026
72 3842
49 3188
42 3424
68 3571
97 3892
59 4158
98 4484
29 4090
57 3831
25 4101
33 3967
100 3557
79 3043
1 3309
55 4477
76 3941
58 4120
24 4528
64 3308
10 4235
56 3774
86 4486
43 3391
36 4485
82 2866
31 3550
21 2922
57 4066
39 3066
52 4197
75 3296
71 2844
9 3845
6 2958
95 3300
47 3587
43 3498
1 3438
4 4070
71 3043
80 3076
7 3570
86 4385
16 4408
26 4297
89 4297
46 3330
19 3754
39 2777
46 4417
18 3136
92 4512
4 4435
4 2932
4 3022
52 2982
92 3115
59 4537
35 4081
53 3325
16 4183
60 3941
94 3122
99 4350
34 2810
69 3941
25 2737
85 3702
97 2827
50 3671
68 4330
1 2746
80 3284
68 3178
10 3915
67 4344
1 3598
7 3992
34 3021
71 4411
77 3996
11 2953
19 3690
10 2870
24 3797
53 3212
13 3513
50 3942
43 3925
47 4208
2 3232
56 3636
42 3580
16 3653